{
    "name": "C10_Copper",
    "metallic.value": 0.344594806432724,
    "roughness.value": 0.32010912895202637,
    "specular": 0.34292981028556824,
    "clearcoat.value": 0.33386147022247314,
    "clearcoat_gloss.value": 0.33051934838294983
}