{
    "name": "C11_GalGray",
    "metallic.value": 0.28195568919181824,
    "roughness.value": 0.4182836711406708,
    "specular": 0.32945021986961365,
    "clearcoat.value": 0.328734427690506,
    "clearcoat_gloss.value": 0.32883045077323914
}