{
    "name": "C12_OliveDrab",
    "metallic.value": 0.28537365794181824,
    "roughness.value": 0.4181223213672638,
    "specular": 0.32323092222213745,
    "clearcoat.value": 0.326178640127182,
    "clearcoat_gloss.value": 0.32850661873817444
}