{
    "name": "C13_NeutralGray",
    "metallic.value": 0.28452548384666443,
    "roughness.value": 0.41224050521850586,
    "specular": 0.3260527551174164,
    "clearcoat.value": 0.32733094692230225,
    "clearcoat_gloss.value": 0.3287807106971741
}