{
    "name": "C14_NavyBlue",
    "metallic.value": 0.28549298644065857,
    "roughness.value": 0.413081556558609,
    "specular": 0.3237510025501251,
    "clearcoat.value": 0.32639601826667786,
    "clearcoat_gloss.value": 0.3286609947681427
}