{
    "name": "C15_DarkGreen",
    "metallic.value": 0.28552109003067017,
    "roughness.value": 0.41174688935279846,
    "specular": 0.3240260183811188,
    "clearcoat.value": 0.32649490237236023,
    "clearcoat_gloss.value": 0.32870250940322876
}