{
    "name": "C16_StrongGreen",
    "metallic.value": 0.2857081890106201,
    "roughness.value": 0.4159945845603943,
    "specular": 0.32348188757896423,
    "clearcoat.value": 0.32622793316841125,
    "clearcoat_gloss.value": 0.32853153347969055
}