{
    "name": "C17_rlm71",
    "metallic.value": 0.28562238812446594,
    "roughness.value": 0.41401907801628113,
    "specular": 0.3240625560283661,
    "clearcoat.value": 0.3264733552932739,
    "clearcoat_gloss.value": 0.32863274216651917
}