{
    "name": "C18_rlm70_1",
    "metallic.value": 0.2859188914299011,
    "roughness.value": 0.40065863728523254,
    "specular": 0.3248288631439209,
    "clearcoat.value": 0.32702311873435974,
    "clearcoat_gloss.value": 0.3290787637233734
}