{
    "name": "C19_SandyBrown",
    "metallic.value": 0.2799532413482666,
    "roughness.value": 0.4184916913509369,
    "specular": 0.32834383845329285,
    "clearcoat.value": 0.32828420400619507,
    "clearcoat_gloss.value": 0.32877832651138306
}