{
    "name": "C1_White",
    "metallic.value": 0.28827154636383057,
    "roughness.value": 0.37247368693351746,
    "specular": 0.3356797993183136,
    "clearcoat.value": 0.3318541944026947,
    "clearcoat_gloss.value": 0.32995039224624634
}