{
    "name": "C20_LightBlue",
    "metallic.value": 0.2840268909931183,
    "roughness.value": 0.4119850695133209,
    "specular": 0.3322756886482239,
    "clearcoat.value": 0.3300410807132721,
    "clearcoat_gloss.value": 0.32914310693740845
}