{
    "name": "C21_MiddleStone",
    "metallic.value": 0.28166407346725464,
    "roughness.value": 0.42064687609672546,
    "specular": 0.32671815156936646,
    "clearcoat.value": 0.32749173045158386,
    "clearcoat_gloss.value": 0.32858651876449585
}