{
    "name": "C22_DarkEarth",
    "metallic.value": 0.28535252809524536,
    "roughness.value": 0.41324281692504883,
    "specular": 0.32523319125175476,
    "clearcoat.value": 0.3269180357456207,
    "clearcoat_gloss.value": 0.328701376914978
}