{
    "name": "C23_DarkGreen2",
    "metallic.value": 0.284945011138916,
    "roughness.value": 0.4049210846424103,
    "specular": 0.3258560597896576,
    "clearcoat.value": 0.3273278474807739,
    "clearcoat_gloss.value": 0.3289574086666107
}