{
    "name": "C25_DarkSeaGray",
    "metallic.value": 0.28363192081451416,
    "roughness.value": 0.4205198287963867,
    "specular": 0.3261431157588959,
    "clearcoat.value": 0.32729923725128174,
    "clearcoat_gloss.value": 0.3285928964614868
}