{
    "name": "C26_DarkEggGreenGray",
    "metallic.value": 0.28367069363594055,
    "roughness.value": 0.3980289697647095,
    "specular": 0.3338386118412018,
    "clearcoat.value": 0.3309032917022705,
    "clearcoat_gloss.value": 0.3295748233795166
}