{
    "name": "C27_FuselageInteriorColor",
    "metallic.value": 0.28263673186302185,
    "roughness.value": 0.41885608434677124,
    "specular": 0.3275022804737091,
    "clearcoat.value": 0.3277992010116577,
    "clearcoat_gloss.value": 0.32868751883506775
}