{
    "name": "C28_BlackishIronBlue",
    "metallic.value": 0.2852236330509186,
    "roughness.value": 0.2871935963630676,
    "specular": 0.32898780703544617,
    "clearcoat.value": 0.3278617560863495,
    "clearcoat_gloss.value": 0.32974374294281006
}