{
    "name": "C29_WarshipsBottomColor",
    "metallic.value": 0.28605929017066956,
    "roughness.value": 0.41537919640541077,
    "specular": 0.3235098421573639,
    "clearcoat.value": 0.3262071907520294,
    "clearcoat_gloss.value": 0.32855165004730225
}