{
    "name": "C2_Black",
    "metallic.value": 0.2879752516746521,
    "roughness.value": 0.3171176314353943,
    "specular": 0.3253572881221771,
    "clearcoat.value": 0.3271651864051819,
    "clearcoat_gloss.value": 0.3295903205871582
}