{
    "name": "C31_WarshipColor1",
    "metallic.value": 0.2838066518306732,
    "roughness.value": 0.41541263461112976,
    "specular": 0.3268061578273773,
    "clearcoat.value": 0.3275924324989319,
    "clearcoat_gloss.value": 0.32872524857521057
}