{
    "name": "C32_WarshipColor2",
    "metallic.value": 0.2863677442073822,
    "roughness.value": 0.41720980405807495,
    "specular": 0.32467037439346313,
    "clearcoat.value": 0.32669615745544434,
    "clearcoat_gloss.value": 0.3285634517669678
}