{
    "name": "C34_SkyBlue",
    "metallic.value": 0.2838391661643982,
    "roughness.value": 0.33165696263313293,
    "specular": 0.3314407765865326,
    "clearcoat.value": 0.329833984375,
    "clearcoat_gloss.value": 0.32988470792770386
}