{
    "name": "C35_BrightGray",
    "metallic.value": 0.28313693404197693,
    "roughness.value": 0.402426153421402,
    "specular": 0.3307066261768341,
    "clearcoat.value": 0.3294958770275116,
    "clearcoat_gloss.value": 0.32930755615234375
}