{
    "name": "C36_RLM74",
    "metallic.value": 0.286125510931015,
    "roughness.value": 0.40499716997146606,
    "specular": 0.32512134313583374,
    "clearcoat.value": 0.3269888758659363,
    "clearcoat_gloss.value": 0.3289039731025696
}