{
    "name": "C37_RLM75",
    "metallic.value": 0.2840457856655121,
    "roughness.value": 0.4090304374694824,
    "specular": 0.3258591294288635,
    "clearcoat.value": 0.32733675837516785,
    "clearcoat_gloss.value": 0.32888686656951904
}