{
    "name": "C38_OliveDrab2",
    "metallic.value": 0.28555917739868164,
    "roughness.value": 0.41323113441467285,
    "specular": 0.32405969500541687,
    "clearcoat.value": 0.32646867632865906,
    "clearcoat_gloss.value": 0.32863879203796387
}