{
    "name": "C39_DarkYellow",
    "metallic.value": 0.2813088595867157,
    "roughness.value": 0.41434481739997864,
    "specular": 0.3277554214000702,
    "clearcoat.value": 0.3280752897262573,
    "clearcoat_gloss.value": 0.3288559019565582
}