{
    "name": "C3_Red",
    "metallic.value": 0.2650761008262634,
    "roughness.value": 0.3691195845603943,
    "specular": 0.32985344529151917,
    "clearcoat.value": 0.329661101102829,
    "clearcoat_gloss.value": 0.3300155699253082
}