{
    "name": "C4_Yellow",
    "metallic.value": 0.2788448631763458,
    "roughness.value": 0.36195725202560425,
    "specular": 0.3329593539237976,
    "clearcoat.value": 0.33088216185569763,
    "clearcoat_gloss.value": 0.3300546705722809
}