{
    "name": "C5_Blue",
    "metallic.value": 0.28477662801742554,
    "roughness.value": 0.35507088899612427,
    "specular": 0.32881125807762146,
    "clearcoat.value": 0.328874796628952,
    "clearcoat_gloss.value": 0.32987722754478455
}