{
    "name": "C6_Green",
    "metallic.value": 0.28566914796829224,
    "roughness.value": 0.3116355538368225,
    "specular": 0.32746225595474243,
    "clearcoat.value": 0.3278408944606781,
    "clearcoat_gloss.value": 0.3297463655471802
}