{
    "name": "C7_Brown",
    "metallic.value": 0.2827800512313843,
    "roughness.value": 0.30648475885391235,
    "specular": 0.32692089676856995,
    "clearcoat.value": 0.32767030596733093,
    "clearcoat_gloss.value": 0.32970839738845825
}