{
    "name": "C8_Silver",
    "metallic.value": 0.3191800117492676,
    "roughness.value": 0.36059874296188354,
    "specular": 0.33981820940971375,
    "clearcoat.value": 0.33319440484046936,
    "clearcoat_gloss.value": 0.33019039034843445
}