{
    "name": "C9_Gold",
    "metallic.value": 0.3535597026348114,
    "roughness.value": 0.3313625752925873,
    "specular": 0.342385858297348,
    "clearcoat.value": 0.3338722586631775,
    "clearcoat_gloss.value": 0.33045753836631775
}