{
    "name": "Char_Pink",
    "metallic.value": 0.2764533460140228,
    "roughness.value": 0.41390079259872437,
    "specular": 0.33113130927085876,
    "clearcoat.value": 0.3295595049858093,
    "clearcoat_gloss.value": 0.3291544020175934
}