{
    "name": "Char_Red",
    "metallic.value": 0.2851457893848419,
    "roughness.value": 0.3921269178390503,
    "specular": 0.3263919949531555,
    "clearcoat.value": 0.3277270793914795,
    "clearcoat_gloss.value": 0.3293595314025879
}