{
    "name": "Metal_Blue",
    "metallic.value": 0.31404533982276917,
    "roughness.value": 0.3454475998878479,
    "specular": 0.3369515538215637,
    "clearcoat.value": 0.3315562605857849,
    "clearcoat_gloss.value": 0.3301604390144348
}