{
    "name": "Metal_Yellow",
    "metallic.value": 0.3631548583507538,
    "roughness.value": 0.28060874342918396,
    "specular": 0.3443787395954132,
    "clearcoat.value": 0.33348479866981506,
    "clearcoat_gloss.value": 0.3305725157260895
}