{
    "name": "Metal_Red",
    "metallic.value": 0.3777614235877991,
    "roughness.value": 0.2928673028945923,
    "specular": 0.343598872423172,
    "clearcoat.value": 0.3336029648780823,
    "clearcoat_gloss.value": 0.33066216111183167
}