{
    "name": "Metal_Purpule",
    "metallic.value": 0.36395391821861267,
    "roughness.value": 0.2813052535057068,
    "specular": 0.34496986865997314,
    "clearcoat.value": 0.3336006999015808,
    "clearcoat_gloss.value": 0.3306170105934143
}