{
    "name": "Metal_Green",
    "metallic.value": 0.31372421979904175,
    "roughness.value": 0.34090787172317505,
    "specular": 0.33747538924217224,
    "clearcoat.value": 0.33171895146369934,
    "clearcoat_gloss.value": 0.33022037148475647
}