{
    "name": "SAZABI_Red",
    "metallic.value": 0.2709589898586273,
    "roughness.value": 0.4228161573410034,
    "specular": 0.32968994975090027,
    "clearcoat.value": 0.3287237286567688,
    "clearcoat_gloss.value": 0.32891741394996643
}